  z(m)    mean_u     mean_v     speed    dir(deg)   rms_u    rms_v    rms_w
  0.25   0.494066  -0.305249  0.580757    -31.71 0.000486 0.000565 0.000261
  0.77   0.494050  -0.305249  0.580743    -31.71 0.000487 0.000566 0.000143
  1.30   0.479076  -0.304693  0.567761    -32.46 0.000644 0.000747 0.000232
  1.84   0.467445  -0.303965  0.557584    -33.03 0.000657 0.000779 0.000170
  2.39   0.455567  -0.302924  0.547087    -33.62 0.000650 0.000768 0.000145
  2.96   0.444111  -0.301640  0.536862    -34.18 0.000636 0.000747 0.000122
  3.54   0.433025  -0.300132  0.526868    -34.73 0.000630 0.000733 0.000137
  4.13   0.422344  -0.298430  0.517141    -35.25 0.000633 0.000726 0.000150
  4.74   0.412123  -0.296567  0.507738    -35.74 0.000642 0.000725 0.000174
  5.36   0.402386  -0.294575  0.498687    -36.21 0.000654 0.000726 0.000197
  5.99   0.393177  -0.292490  0.490039    -36.65 0.000668 0.000730 0.000223
  6.64   0.384525  -0.290345  0.481829    -37.06 0.000684 0.000736 0.000249
  7.31   0.376460  -0.288176  0.474097    -37.43 0.000702 0.000744 0.000278
  7.99   0.368999  -0.286016  0.466868    -37.78 0.000723 0.000754 0.000307
  8.69   0.362147  -0.283895  0.460160    -38.09 0.000747 0.000766 0.000339
  9.40   0.355884  -0.281839  0.453967    -38.38 0.000775 0.000780 0.000372
 10.13   0.350159  -0.279863  0.448257    -38.63 0.000807 0.000794 0.000407
 10.88   0.344883  -0.277969  0.442957    -38.87 0.000841 0.000807 0.000444
 11.65   0.339920  -0.276145  0.437951    -39.09 0.000876 0.000820 0.000484
 12.43   0.335112  -0.274362  0.433099    -39.31 0.000909 0.000831 0.000526
 13.23   0.330305  -0.272588  0.428259    -39.53 0.000938 0.000841 0.000569
 14.05   0.325382  -0.270792  0.423322    -39.77 0.000964 0.000850 0.000615
 14.89   0.320266  -0.268955  0.418219    -40.02 0.000988 0.000859 0.000663
 15.75   0.314925  -0.267074  0.412924    -40.30 0.001010 0.000869 0.000713
 16.63   0.309357  -0.265154  0.407442    -40.60 0.001032 0.000880 0.000765
 17.53   0.303588  -0.263211  0.401803    -40.93 0.001053 0.000894 0.000820
 18.46   0.297660  -0.261264  0.396055    -41.27 0.001076 0.000910 0.000878
 19.40   0.291631  -0.259334  0.390259    -41.65 0.001101 0.000930 0.000939
 20.37   0.285577  -0.257440  0.384486    -42.03 0.001131 0.000951 0.001003
 21.36   0.279586  -0.255592  0.378808    -42.43 0.001166 0.000972 0.001073
 22.37   0.273769  -0.253778  0.373299    -42.83 0.001210 0.000987 0.001144
 23.40   0.268257  -0.251936  0.368013    -43.20 0.001263 0.000985 0.001229
 24.46   0.263225  -0.249917  0.362968    -43.51 0.001332 0.000947 0.001305
 25.55   0.258929  -0.247417  0.358133    -43.70 0.001424 0.000850 0.001410
 26.66   0.255750  -0.244044  0.353505    -43.66 0.001542 0.000711 0.001493
 27.80   0.253862  -0.239661  0.349118    -43.35 0.001643 0.000602 0.001611
 28.96   0.252754  -0.234509  0.344788    -42.86 0.001686 0.000587 0.001705
 30.15   0.251664  -0.228679  0.340042    -42.26 0.001661 0.000673 0.001840
 31.37   0.250095  -0.222287  0.334603    -41.63 0.001611 0.000825 0.001933
 32.62   0.247856  -0.215437  0.328399    -41.00 0.001552 0.001021 0.002084
 33.90   0.244960  -0.208342  0.321577    -40.38 0.001518 0.001222 0.002194
 35.20   0.241531  -0.201095  0.314287    -39.78 0.001503 0.001439 0.002411
 36.54   0.237796  -0.193969  0.306873    -39.20 0.001538 0.001629 0.002566
 37.91   0.233969  -0.187122  0.299594    -38.65 0.001604 0.001821 0.002992
 39.31   0.230291  -0.181093  0.292965    -38.18 0.001697 0.001991 0.003120
 40.75   0.226584  -0.176813  0.287408    -37.97 0.001797 0.002225 0.004091
 42.22   0.223195  -0.179082  0.286158    -38.74 0.002097 0.002468 0.003773
 43.72   0.220824  -0.187821  0.289897    -40.38 0.002409 0.002487 0.003335
 45.26   0.217960  -0.199739  0.295638    -42.50 0.002757 0.002578 0.002880
 46.83   0.213790  -0.214520  0.302861    -45.10 0.003004 0.002571 0.002621
 48.44   0.208116  -0.231422  0.311237    -48.04 0.003193 0.002516 0.002323
 50.09   0.200697  -0.250196  0.320745    -51.26 0.003389 0.002423 0.002084
 51.78   0.191549  -0.270322  0.331309    -54.68 0.003511 0.002398 0.001870
 53.51   0.180620  -0.291546  0.342962    -58.22 0.003593 0.002460 0.001659
 55.28   0.168046  -0.313423  0.355632    -61.80 0.003576 0.002583 0.001509
 57.09   0.153927  -0.335663  0.369274    -65.36 0.003515 0.002777 0.001425
 58.94   0.138500  -0.357848  0.383715    -68.84 0.003393 0.002999 0.001407
 60.84   0.121999  -0.379641  0.398762    -72.19 0.003244 0.003217 0.001500
 62.78   0.104763  -0.400633  0.414104    -75.35 0.003052 0.003379 0.001626
 64.76   0.087156  -0.420449  0.429388    -78.29 0.002818 0.003442 0.001846
 66.80   0.069617  -0.438659  0.444149    -80.98 0.002568 0.003382 0.002041
 68.88   0.052637  -0.454771  0.457808    -83.40 0.002397 0.003159 0.002247
 71.01   0.036746  -0.468171  0.469611    -85.51 0.002397 0.002717 0.002399
 73.19   0.022528  -0.477919  0.478450    -87.30 0.002682 0.002048 0.002401
 75.42   0.010476  -0.482343  0.482457    -88.76 0.003171 0.001542 0.002464
 77.71   0.003776  -0.478151  0.478165    -89.55 0.003617 0.002118 0.002366
 80.04   0.001779  -0.468996  0.469000    -89.78 0.003805 0.002388 0.002045
 82.44   0.000655  -0.458445  0.458446    -89.92 0.004062 0.002388 0.001939
 84.89  -0.000379  -0.447353  0.447353    -90.05 0.004300 0.002307 0.001887
 87.39   0.000245  -0.436339  0.436339    -89.97 0.004686 0.002286 0.001899
 89.96   0.005310  -0.426584  0.426617    -89.29 0.004930 0.002146 0.002077
 92.59   0.015523  -0.419523  0.419810    -87.88 0.004946 0.001865 0.002382
 95.28   0.029060  -0.414778  0.415795    -85.99 0.005288 0.002089 0.002734
 98.03   0.044502  -0.411271  0.413672    -83.82 0.005999 0.002568 0.003291
100.84   0.061086  -0.408123  0.412669    -81.49 0.006049 0.002812 0.004081
103.73   0.077659  -0.404573  0.411959    -79.13 0.005731 0.003112 0.004790
106.68   0.093085  -0.399617  0.410315    -76.89 0.005294 0.003289 0.005740
109.70   0.106136  -0.392238  0.406344    -74.86 0.004724 0.003413 0.006171
112.79   0.115361  -0.382274  0.399301    -73.21 0.003873 0.003058 0.006928
115.95   0.119497  -0.370535  0.389328    -72.13 0.004333 0.003361 0.006861
119.19   0.118725  -0.358311  0.377468    -71.67 0.005341 0.004147 0.007441
122.50   0.113257  -0.347037  0.365050    -71.93 0.006178 0.004661 0.007447
125.89   0.104450  -0.337855  0.353633    -72.82 0.006128 0.004610 0.008646
129.37   0.094404  -0.330885  0.344089    -74.08 0.006032 0.004922 0.008881
132.92   0.087226  -0.326599  0.338046    -75.05 0.006398 0.005276 0.010501
136.56   0.086549  -0.323733  0.335103    -75.03 0.007385 0.006129 0.011614
140.28   0.088279  -0.317828  0.329860    -74.48 0.007900 0.007506 0.014263
144.09   0.085471  -0.302788  0.314620    -74.24 0.012712 0.013248 0.016085
147.99   0.076000  -0.280579  0.290689    -74.84 0.019700 0.021176 0.020606
151.98   0.066808  -0.261811  0.270200    -75.69 0.021667 0.024653 0.027769
156.07   0.061097  -0.249260  0.256639    -76.23 0.025051 0.027625 0.030094
160.25   0.059848  -0.242531  0.249806    -76.14 0.026322 0.028691 0.045793
164.53   0.060466  -0.240776  0.248252    -75.90 0.031351 0.033726 0.043237
168.91   0.058210  -0.238159  0.245169    -76.27 0.034012 0.033759 0.072351
173.40   0.059565  -0.240429  0.247697    -76.09 0.040584 0.041550 0.063072
177.99   0.060486  -0.249529  0.256755    -76.37 0.043375 0.046884 0.110956
182.68   0.056021  -0.247985  0.254234    -77.27 0.050068 0.055723 0.103440
187.49   0.061198  -0.269470  0.276332    -77.20 0.056079 0.061014 0.171250
192.41   0.062435  -0.266052  0.273279    -76.79 0.076051 0.085347 0.199890
197.45   0.046006  -0.204262  0.209379    -77.31 0.045184 0.048503 0.205148
