  z(m)    mean_u     mean_v     speed    dir(deg)   rms_u    rms_v    rms_w
  0.25   0.438477  -0.088297  0.447279    -11.39 0.000000 0.000000 0.000000
  0.77   0.438477  -0.088297  0.447279    -11.39 0.000000 0.000000 0.000000
  1.30   0.438477  -0.088297  0.447279    -11.39 0.000000 0.000000 0.000000
  1.84   0.438477  -0.088297  0.447279    -11.39 0.000000 0.000000 0.000000
  2.39   0.438477  -0.088297  0.447279    -11.39 0.000000 0.000000 0.000000
  2.96   0.438477  -0.088297  0.447279    -11.39 0.000000 0.000000 0.000000
  3.54   0.438477  -0.088297  0.447279    -11.39 0.000000 0.000000 0.000000
  4.13   0.438477  -0.088297  0.447279    -11.39 0.000000 0.000000 0.000000
  4.74   0.438477  -0.088297  0.447279    -11.39 0.000000 0.000000 0.000000
  5.36   0.438477  -0.088297  0.447279    -11.39 0.000000 0.000000 0.000000
  5.99   0.438477  -0.088297  0.447279    -11.39 0.000000 0.000000 0.000000
  6.64   0.438477  -0.088297  0.447279    -11.39 0.000000 0.000000 0.000000
  7.31   0.438477  -0.088297  0.447279    -11.39 0.000000 0.000000 0.000000
  7.99   0.438477  -0.088297  0.447279    -11.39 0.000000 0.000000 0.000000
  8.69   0.438477  -0.088297  0.447279    -11.39 0.000000 0.000000 0.000000
  9.40   0.438477  -0.088297  0.447279    -11.39 0.000000 0.000000 0.000000
 10.13   0.438477  -0.088297  0.447279    -11.39 0.000000 0.000000 0.000000
 10.88   0.438477  -0.088297  0.447279    -11.39 0.000000 0.000000 0.000000
 11.65   0.438477  -0.088297  0.447279    -11.39 0.000000 0.000000 0.000000
 12.43   0.438477  -0.088297  0.447279    -11.39 0.000000 0.000000 0.000000
 13.23   0.438477  -0.088297  0.447279    -11.39 0.000000 0.000000 0.000000
 14.05   0.433366  -0.088898  0.442390    -11.59 0.000000 0.000000 0.000000
 14.89   0.425602  -0.089812  0.434975    -11.92 0.000000 0.000000 0.000000
 15.75   0.417655  -0.090746  0.427400    -12.26 0.000000 0.000000 0.000000
 16.63   0.409450  -0.091695  0.419592    -12.62 0.000000 0.000000 0.000000
 17.53   0.399389  -0.092486  0.409958    -13.04 0.000000 0.000000 0.000000
 18.46   0.388214  -0.093199  0.399245    -13.50 0.000000 0.000000 0.000000
 19.40   0.376776  -0.093929  0.388308    -14.00 0.000000 0.000000 0.000000
 20.37   0.365068  -0.094676  0.377145    -14.54 0.000000 0.000000 0.000000
 21.36   0.353487  -0.097326  0.366641    -15.39 0.000000 0.000000 0.000000
 22.37   0.341935  -0.101452  0.356668    -16.53 0.000000 0.000000 0.000000
 23.40   0.330111  -0.105675  0.346613    -17.75 0.000000 0.000000 0.000000
 24.46   0.318504  -0.109897  0.336930    -19.04 0.000000 0.000000 0.000000
 25.55   0.322090  -0.111091  0.340710    -19.03 0.000000 0.000000 0.000000
 26.66   0.326278  -0.112207  0.345033    -18.98 0.000000 0.000000 0.000000
 27.80   0.330565  -0.113351  0.349459    -18.93 0.000000 0.000000 0.000000
 28.96   0.337223  -0.110059  0.354729    -18.08 0.000000 0.000000 0.000000
 30.15   0.346934  -0.100995  0.361335    -16.23 0.000000 0.000000 0.000000
 31.37   0.356873  -0.091719  0.368471    -14.41 0.000000 0.000000 0.000000
 32.62   0.357748  -0.081142  0.366835    -12.78 0.000000 0.000000 0.000000
 33.90   0.344230  -0.068638  0.351006    -11.28 0.000000 0.000000 0.000000
 35.20   0.330394  -0.055839  0.335079     -9.59 0.000000 0.000000 0.000000
 36.54   0.309386  -0.052025  0.313730     -9.55 0.000000 0.000000 0.000000
 37.91   0.280227  -0.058505  0.286269    -11.79 0.000000 0.000000 0.000000
 39.31   0.251987  -0.063773  0.259932    -14.20 0.000000 0.000000 0.000000
 40.75   0.237201  -0.057180  0.243996    -13.55 0.000000 0.000000 0.000000
 42.22   0.223584  -0.049143  0.228921    -12.40 0.000000 0.000000 0.000000
 43.72   0.228198  -0.025056  0.229570     -6.27 0.000000 0.000000 0.000000
 45.26   0.239017   0.002565  0.239031      0.61 0.000000 0.000000 0.000000
 46.83   0.270496   0.025141  0.271662      5.31 0.000000 0.000000 0.000000
 48.44   0.303561   0.038918  0.306046      7.31 0.000000 0.000000 0.000000
 50.09   0.334192   0.026882  0.335271      4.60 0.000000 0.000000 0.000000
 51.78   0.345458  -0.031917  0.346929     -5.28 0.000000 0.000000 0.000000
 53.51   0.344270  -0.116876  0.363568    -18.75 0.000000 0.000000 0.000000
 55.28   0.334823  -0.210699  0.395601    -32.18 0.000000 0.000000 0.000000
 57.09   0.330130  -0.279143  0.432327    -40.22 0.000000 0.000000 0.000000
 58.94   0.322990  -0.318855  0.453862    -44.63 0.000000 0.000000 0.000000
 60.84   0.299450  -0.347512  0.458732    -49.25 0.000000 0.000000 0.000000
 62.78   0.255470  -0.374924  0.453688    -55.73 0.000000 0.000000 0.000000
 64.76   0.230844  -0.408786  0.469462    -60.55 0.000000 0.000000 0.000000
 66.80   0.242005  -0.433008  0.496047    -60.80 0.000000 0.000000 0.000000
 68.88   0.246600  -0.439000  0.503520    -60.68 0.000000 0.000000 0.000000
 71.01   0.233771  -0.448701  0.505946    -62.48 0.000000 0.000000 0.000000
 73.19   0.217883  -0.461000  0.509896    -64.70 0.000000 0.000000 0.000000
 75.42   0.220769  -0.457084  0.507607    -64.22 0.000000 0.000000 0.000000
 77.71   0.225909  -0.432112  0.487602    -62.40 0.000000 0.000000 0.000000
 80.04   0.232309  -0.415227  0.475795    -60.77 0.000000 0.000000 0.000000
 82.44   0.226029  -0.400371  0.459767    -60.55 0.000000 0.000000 0.000000
 84.89   0.199994  -0.390169  0.438440    -62.86 0.000000 0.000000 0.000000
 87.39   0.178341  -0.385620  0.424863    -65.18 0.000000 0.000000 0.000000
 89.96   0.175814  -0.384093  0.422419    -65.40 0.000000 0.000000 0.000000
 92.59   0.184829  -0.378042  0.420806    -63.95 0.000000 0.000000 0.000000
 95.28   0.204134  -0.358189  0.412274    -60.32 0.000000 0.000000 0.000000
 98.03   0.226318  -0.341935  0.410048    -56.50 0.000000 0.000000 0.000000
100.84   0.246425  -0.328636  0.410764    -53.14 0.000000 0.000000 0.000000
103.73   0.271023  -0.318440  0.418160    -49.60 0.000000 0.000000 0.000000
106.68   0.287218  -0.308782  0.421711    -47.07 0.000000 0.000000 0.000000
109.70   0.286839  -0.297273  0.413095    -46.02 0.000000 0.000000 0.000000
112.79   0.283434  -0.282949  0.400493    -44.95 0.000000 0.000000 0.000000
115.95   0.283597  -0.271225  0.392416    -43.72 0.000000 0.000000 0.000000
119.19   0.278244  -0.261605  0.381912    -43.23 0.000000 0.000000 0.000000
122.50   0.265863  -0.250269  0.365127    -43.27 0.000000 0.000000 0.000000
125.89   0.246226  -0.247000  0.348764    -45.09 0.000000 0.000000 0.000000
129.37   0.232961  -0.248048  0.340292    -46.80 0.000000 0.000000 0.000000
132.92   0.216728  -0.251303  0.331850    -49.22 0.000000 0.000000 0.000000
136.56   0.211787  -0.250775  0.328241    -49.82 0.000000 0.000000 0.000000
140.28   0.228200  -0.245720  0.335341    -47.12 0.000000 0.000000 0.000000
144.09   0.239302  -0.243058  0.341090    -45.45 0.000000 0.000000 0.000000
147.99   0.249819  -0.231874  0.340845    -42.87 0.000000 0.000000 0.000000
151.98   0.238170  -0.223956  0.326927    -43.24 0.000000 0.000000 0.000000
156.07   0.220261  -0.216864  0.309103    -44.55 0.000000 0.000000 0.000000
160.25   0.203401  -0.203770  0.287913    -45.05 0.000000 0.000000 0.000000
164.53   0.178487  -0.217889  0.281662    -50.68 0.000000 0.000000 0.000000
168.91   0.171000  -0.223867  0.281705    -52.63 0.000000 0.000000 0.000000
173.40   0.161997  -0.208707  0.264200    -52.18 0.000000 0.000000 0.000000
177.99   0.162782  -0.203554  0.260638    -51.35 0.000000 0.000000 0.000000
182.68   0.161595  -0.188528  0.248306    -49.40 0.000000 0.000000 0.000000
187.49   0.154184  -0.179026  0.236269    -49.26 0.000000 0.000000 0.000000
192.41   0.141406  -0.193031  0.239284    -53.78 0.000000 0.000000 0.000000
197.45   0.127766  -0.216342  0.251253    -59.43 0.000000 0.000000 0.000000
